1.060598687263264672e+00 1.435158252716064453e-01
1.061284103033332649e+00 3.217008113861083984e-01
1.060413439757840637e+00 5.030760765075683594e-01
1.060728360517060542e+00 6.819179058074951172e-01
1.058949984464992111e+00 8.580007553100585938e-01
1.059839172491027437e+00 1.034706830978393555e+00
1.061376726786044555e+00 1.213155984878540039e+00
1.059820647740484345e+00 1.393378973007202148e+00
1.060394915007297545e+00 1.574198007583618164e+00
1.060672786265433709e+00 1.753160953521728516e+00
1.059579825983434143e+00 1.927369832992553711e+00
1.059765073488857734e+00 2.102638721466064453e+00
1.058023746937873266e+00 2.280215024948120117e+00
1.060431964508382618e+00 2.458428859710693359e+00
1.060450489258925488e+00 2.635717868804931641e+00
1.059709499237230013e+00 2.812747001647949219e+00
1.061135905028993243e+00 2.987309932708740234e+00
1.059079657718789313e+00 3.159258842468261719e+00
1.061006231775196040e+00 3.336006879806518555e+00
1.058672113206856835e+00 3.511662006378173828e+00
1.072695349367440709e+00 4.812782049179077148e+00
1.086348090517176734e+00 6.076071977615356445e+00
1.097444416092064223e+00 7.342426776885986328e+00
1.109652226699495925e+00 8.611142873764038086e+00
1.120155760257025568e+00 9.883189916610717773e+00
1.132882263879642526e+00 1.114838600158691406e+01
1.144089737957785013e+00 1.240304207801818848e+01
1.156408697068469715e+00 1.366190004348754883e+01
1.166504686114068434e+00 1.491815400123596191e+01
1.175804110886344844e+00 1.617196893692016602e+01
1.186715188955807188e+00 1.743126606941223145e+01
1.198330207545882375e+00 1.869389271736145020e+01
1.208352097589312502e+00 1.996489191055297852e+01
1.219930066678301506e+00 2.123326897621154785e+01
1.230581798240172109e+00 2.250125479698181152e+01
1.240714836786855457e+00 2.377111601829528809e+01
1.250329182318351773e+00 2.503468680381774902e+01
1.260369597112324325e+00 2.630150985717773438e+01
1.273411021494160966e+00 2.757064175605773926e+01
1.280580099954064188e+00 2.884373188018798828e+01
1.280394852448640375e+00 2.898314785957336426e+01
1.278505327893316501e+00 2.963235402107238770e+01
1.279950258435623267e+00 3.027950000762939453e+01
1.280172555442131044e+00 3.092513680458068848e+01
1.276189734075518833e+00 3.156738305091857910e+01
1.276374981580942647e+00 3.221615695953369141e+01
1.276041536071180982e+00 3.286985993385314941e+01
1.278005159628672338e+00 3.351708006858825684e+01
1.276486130084196757e+00 3.416148996353149414e+01
1.274392833272908199e+00 3.481086277961730957e+01
1.277004823099383568e+00 3.545860290527343750e+01
1.275689565810873560e+00 3.610859274864196777e+01
1.275504318305450635e+00 3.675918579101562500e+01
1.275948912318468409e+00 3.740511584281921387e+01
1.276671377589620793e+00 3.805116987228393555e+01
1.275930387567925983e+00 3.869922995567321777e+01
1.273892665008263592e+00 3.935615372657775879e+01
1.273318397741449282e+00 4.002116990089416504e+01
1.272577407719754250e+00 4.067166996002197266e+01
1.274837427285925084e+00 4.132038283348083496e+01
1.272225437459449937e+00 4.201131486892700195e+01
1.272762655225178952e+00 4.265992403030395508e+01
1.271558546439923276e+00 4.330395483970642090e+01
1.272262486960533234e+00 4.395268678665161133e+01
1.270836081168770226e+00 4.459710478782653809e+01
1.273929714509347555e+00 4.524747276306152344e+01
1.272077239455109865e+00 4.589763593673706055e+01
1.271540021689380850e+00 4.654738879203796387e+01
1.269280002123209794e+00 4.719738888740539551e+01
1.269724596136227124e+00 4.784383583068847656e+01
1.272058714704568327e+00 4.849113297462463379e+01
1.272095764205652513e+00 4.913779306411743164e+01
1.269761645637311975e+00 4.978800582885742188e+01
1.271132477177448150e+00 5.043618392944335938e+01
1.271910516700228033e+00 5.109020113945007324e+01
1.269335576374837737e+00 5.173657894134521484e+01
1.269428200127548978e+00 5.238206386566162109e+01
1.267094081559209107e+00 5.302848696708679199e+01
1.267409002318429900e+00 5.367590188980102539e+01
1.266630962795649795e+00 5.433748388290405273e+01
1.267964744834701118e+00 5.499819684028625488e+01
1.267038507307581829e+00 5.566406393051147461e+01
1.268075893337954785e+00 5.631329584121704102e+01
1.268576061602600280e+00 5.705756783485412598e+01
1.266705061797819720e+00 5.770951294898986816e+01
1.267353428066801291e+00 5.835215210914611816e+01
1.267668348826022751e+00 5.900732374191284180e+01
1.265686200517988302e+00 5.970450687408447266e+01
1.265575052014733304e+00 6.036104393005371094e+01
1.266427190539682890e+00 6.101105189323425293e+01
1.266223418283717095e+00 6.166281485557556152e+01
1.266075220279377689e+00 6.232579994201660156e+01
1.265445378760937434e+00 6.297218394279479980e+01
1.265686200517987414e+00 6.361706686019897461e+01
1.265519477763106027e+00 6.426910281181335449e+01
1.263611428457240615e+00 6.491688394546508789e+01
1.263667002708867670e+00 6.556807088851928711e+01
1.264093071971342574e+00 6.621631789207458496e+01
1.262555517676323902e+00 6.686601805686950684e+01
1.263240933446394543e+00 6.751409292221069336e+01
