2.302522306088839246e-02 6.379389762878417969e-02
2.063553024092097329e-02 1.488611698150634766e-01
2.093192624959911222e-02 2.466359138488769531e-01
2.204341128214209328e-02 3.315541744232177734e-01
1.798649091336019384e-02 4.135270118713378906e-01
2.241390629298976866e-02 5.046031475067138672e-01
1.863485718234359281e-02 5.966179370880126953e-01
2.122832225827723379e-02 6.856124401092529297e-01
2.091340149905672463e-02 7.825553417205810547e-01
2.122832225827724073e-02 8.789055347442626953e-01
1.967224321271705476e-02 9.727349281311035156e-01
2.309932206305794627e-02 1.065972089767456055e+00
2.254357954678644707e-02 1.160295248031616211e+00
2.070962924309052017e-02 1.254624843597412109e+00
2.091340149905671769e-02 1.348753929138183594e+00
1.995011447085280262e-02 1.442666769027709961e+00
1.856075818017406676e-02 1.534717082977294922e+00
2.252505479624405602e-02 1.628688097000122070e+00
2.391441108692277800e-02 1.724629878997802734e+00
2.195078752943017963e-02 1.808864116668701172e+00
2.224718353810831509e-02 2.913623809814453125e+00
1.998716397193755351e-02 3.990417003631591797e+00
1.872748093505550993e-02 5.075142860412597656e+00
1.993158972031042198e-02 6.156921863555908203e+00
2.037618373332760954e-02 7.242603302001953125e+00
2.176554002400636623e-02 8.324635028839111328e+00
2.019093622790377185e-02 9.403477907180786133e+00
2.050585698712429142e-02 1.048462653160095215e+01
1.993158972031042198e-02 1.156793951988220215e+01
2.187668852726064664e-02 1.265623521804809570e+01
1.783829290902112438e-02 1.374175047874450684e+01
2.159881726912490224e-02 1.482356142997741699e+01
2.215455978539640491e-02 1.590772104263305664e+01
2.298817355980363117e-02 1.697980737686157227e+01
2.139504501315868043e-02 1.805575180053710938e+01
2.271030230166788330e-02 1.914059185981750488e+01
1.876453043614028510e-02 2.022557926177978516e+01
2.122832225827721991e-02 2.130741953849792480e+01
2.078372824526004622e-02 2.239180064201354980e+01
2.117274800665007797e-02 2.346348690986633301e+01
